0,414
0,413
0,412
0,411
0,410
0,409
0,408
0,407
0,406
0,405
0,404
0,403
0,402
0,401
0,400
0,399
0,398
28,5
28,4
28,3
28,2
28,1
28,0
0,397
0,396
0,395
0,394
0,393
0,278
0,392
0,391
0,390
0,389
0,388
0,387
0,386
0,385
0,384
0,319
0,318
0,317
0,316
0,273
0,270
27,5
27,4
27,3
27,2
27,1
27,0
26,3
26,2
0,283
0,243
26,1
26,0
25,3
25,2
0,9
25,1
25,0
24,35
10,95
10,115
10,237
10,103
10,65
10,187
10,25
11,4
11,8
9,7
8,5
8,14
8,15
19,2
19,1
20,3
19,3
20,2
20,1
12,3
12,2
12,1
11,28
11,27
11,26
11,25
11,24
11,23
11,22
11,21
11,20
11,19
11,18
